KAREEM,ABDUL-JABBAR,38387,20,1560,15837,28307
KARL,MALONE,36928,19,1476,13528,26210
KOBE,BRYANT,32437,19,1277,11305,25040
MICHAEL,JORDAN,32292,15,1072,12192,24537
WILT,CHAMBERLAIN,31419,14,1045,12681,23497
SHAQUILLE,O'NEAL,28596,19,1207,11330,19457
DIRK,NOWITZKI,27431,17,1223,9642,20255
MOSES,MALONE,27409,19,1329,9435,19225
ELVIN,HAYES,27313,16,1303,10976,24272
HAKEEM,OLAJUWON,26946,18,1238,10749,20991
OSCAR,ROBERTSON,26710,14,1040,9508,19620
DOMINIQUE,WILKINS,26668,15,1074,9963,21589
JOHN,HAVLICEK,26395,16,1270,10513,23930
KEVIN,GARNETT,25845,20,1406,10401,20930
ALEX,ENGLISH,25613,15,1193,10659,21036
PAUL,PIERCE,25453,17,1210,8345,18654
TIM,DUNCAN,25383,18,1285,9835,19456
REGGIE,MILLER,25279,18,1389,8241,17499
JERRY,WEST,25192,14,932,9016,19032
PATRICK,EWING,24815,17,1183,9702,19241
RAY,ALLEN,24505,18,1300,8567,18955
ALLEN,IVERSON,24368,14,914,8467,19906
LEBRON,JAMES,23901,12,871,8582,17289
CHARLES,BARKLEY,23757,16,1073,8435,15605
VINCE,CARTER,23403,17,1181,8493,19268
ROBERT,PARISH,23334,21,1611,9614,17914
ADRIAN,DANTLEY,23177,15,955,8169,15121
ELGIN,BAYLOR,23149,14,846,8693,20171
CLYDE,DREXLER,22195,15,1086,8335,17673
GARY,PAYTON,21813,17,1335,8708,18698
LARRY,BIRD,21791,13,897,8591,17334
HAL,GREER,21586,15,1122,8504,18811
WALT,BELLAMY,20941,14,1043,7914,15340
BOB,PETTIT,20880,11,792,7349,16872
DAVID,ROBINSON,20790,14,987,7365,14221
GEORGE,GERVIN,20708,10,791,8045,15747
CARMELO,ANTHONY,20675,12,820,7359,16166
MITCH,RICHMOND,20497,14,976,7305,16038
TOM,CHAMBERS,20049,16,1107,7378,15749
ANTAWN,JAMISON,20042,16,1083,7679,17024
JOHN,STOCKTON,19711,19,1504,7039,13658
BERNARD,KING,19655,14,874,7830,15109
CLIFFORD,ROBINSON,19591,18,1380,7389,16875
WALTER,DAVIS,19521,15,1033,8118,15871
TERRY,CUMMINGS,19460,18,1183,8045,16628
BOB,LANIER,19248,14,959,7761,15092
EDDIE,JOHNSON,19202,17,1199,7727,16361
GAIL,GOODRICH,19181,14,1031,7431,16300
REGGIE,THEUS,19015,13,1026,7057,14973
DALE,ELLIS,19004,17,1209,7323,15275